[14,28]
[35,37]
[30,33]
[2,8]
[6,7]
[3,6]
[19,31]
[23,53]
[6,17]
[9,24]
[23,32]
[7,45]
[1,2]
[39,73]
[0,4]
[19,25]
[25,32]
[17,30]
[0,9]
[4,29]
[2,13]
[39,56]
[2,3]
[5,39]
[7,81]
[5,57]
[24,34]
[11,48]
[14,30]
[2,7]
[0,3]
[5,6]
[12,37]
[28,30]
[8,18]
[25,87]
[42,60]
[35,39]
[28,33]
[2,7]
[44,50]
[22,30]
[5,52]
[9,65]
[47,59]
[1,14]
[51,54]
[31,78]
[0,11]
[17,44]
[1,5]
[28,37]
[38,45]
[34,51]
[5,34]
[13,47]
[1,9]
[36,44]
[49,66]
[7,11]
[13,51]
[27,75]
[2,20]
[4,54]
[14,30]
[1,12]
[4,10]
[4,15]
[51,56]
[34,47]
[16,21]
[8,13]
[7,9]
[4,33]
[26,27]
[2,4]
[33,61]
[23,25]
[0,3]
[6,9]
[9,11]
[3,39]
[3,4]
[9,33]
[10,32]
[18,23]
[26,27]
[3,71]
[9,21]
[4,25]
[13,22]
[17,23]
[35,47]
[32,90]
[15,47]
[13,40]
[0,21]
[9,25]
[57,67]
[53,56]