[7,12]
[18,34]
[4,21]
[1,8]
[2,9]
[2,3]
[17,27]
[3,21]
[26,28]
[9,12]
[0,9]
[2,3]
[8,9]
[22,25]
[5,7]
[3,6]
[28,32]
[40,42]
[8,20]
[2,5]
[1,14]
[3,7]
[15,29]
[1,13]
[12,21]
[0,7]
[1,3]
[22,29]
[0,3]
[13,14]
[1,2]
[9,21]
[3,12]
[11,14]
[12,21]
[28,30]
[3,4]
[5,21]
[12,34]
[19,25]
[1,2]
[2,6]
[5,10]
[5,15]
[0,3]
[9,13]
[12,24]
[6,23]
[1,8]
[16,20]
[0,8]
[12,30]
[7,25]
[0,3]
[0,1]
[1,25]
[0,24]
[2,9]
[2,4]
[3,15]
[1,4]
[5,10]
[9,13]
[12,28]
[14,18]
[8,18]
[26,34]
[3,5]
[3,21]
[34,36]
[2,9]
[12,15]
[3,12]
[3,24]
[6,22]
[0,1]
[8,19]
[5,21]
[13,28]
[15,19]
[0,1]
[0,1]
[12,24]
[5,16]
[3,23]
[3,9]
[37,45]
[13,15]
[2,18]
[3,18]
[12,14]
[0,28]
[17,40]
[0,12]
[1,4]
[3,12]
[14,16]
[8,48]
[12,14]
[8,30]
[4,17]
[4,20]
[0,5]
[0,4]
[5,16]
[3,16]
[9,25]
[5,6]
[15,27]
[8,33]
[1,27]
[8,13]
[2,4]
[3,35]
[6,16]
[40,42]
[22,37]
[1,13]
[1,12]
[1,4]
[9,21]
[4,8]
[7,9]
[1,13]
[1,2]
[11,27]
[6,12]
[12,13]
[22,30]
[22,33]
[4,14]
[1,8]
[0,10]
[12,32]
[4,6]
[3,18]
[24,28]
[1,21]
[0,2]
[17,18]
[3,19]
[0,2]
[3,6]
[29,35]
[3,21]
[1,2]
[1,2]
[0,7]
[8,11]
[1,10]
[6,32]
[6,11]
[7,37]
[1,2]
[23,29]
[1,13]
[14,22]
[2,5]
[11,13]
[17,25]
[25,43]
[2,5]
[43,45]
[1,7]
[8,16]
[5,11]
[20,37]
[14,16]
[20,43]
[8,42]
[0,2]
[4,8]
[2,9]
[2,11]
[16,18]
[2,4]
[13,23]
[13,25]
[3,6]
[5,6]
[10,11]
[21,22]
[5,13]
[0,5]
[15,40]
[1,8]
[9,27]
[23,36]
[0,1]
[2,3]
[12,13]
[7,11]
[25,26]
[4,14]
[0,9]
[0,1]
[1,4]
[12,16]
[1,3]
[7,11]
[2,11]
[1,10]
[6,45]
[4,8]
[9,17]
[2,18]
[3,4]
[4,6]
[10,16]
[3,5]
[0,2]
[3,32]
[8,9]
[4,5]
[21,37]
[24,25]
[1,2]
[0,3]
[0,5]
[3,6]
[2,8]
[4,21]
[1,9]
[5,11]
[17,23]
[1,19]
[3,8]
[12,14]
[10,22]
[2,7]
[8,35]
[3,24]
[12,14]
[14,15]
[22,24]
[0,4]
[9,14]
[12,19]
[17,34]
[1,37]
[6,34]
[2,9]
[11,25]
[20,22]
[8,20]
[6,12]
[17,20]
[9,42]
[0,1]
[5,8]
[8,38]
[9,12]
[13,17]
[0,38]
[7,11]
[1,18]
[10,11]
[18,26]
[0,1]
[22,24]
[22,29]
[1,6]
[20,30]
[7,22]
[1,4]
[4,9]
[2,9]
[2,13]
[14,16]
[7,12]
[23,24]
[1,4]
[22,28]
[18,19]
[12,25]
[3,44]
[12,20]
[2,14]
[13,15]
[4,41]
[18,23]
[4,14]
[20,24]
[3,8]
[3,5]
[8,34]
[8,11]
[0,27]
[12,40]
[23,37]
[1,28]
[6,7]
[3,33]
[19,27]
[7,12]
[11,19]
[3,9]
[21,40]
[1,15]
[0,32]
[2,5]
[0,1]
[13,20]
[4,36]
[2,39]
[5,6]
[1,11]
[44,45]
[10,16]
[0,7]
[2,8]
[4,14]
[2,5]
[0,2]
[0,1]
[5,12]
[25,28]
[22,31]
[17,29]
[5,6]
[1,2]
[9,15]
[2,4]
[0,2]
[2,5]
[10,19]
[5,6]
[2,3]
[3,28]
[0,1]
[2,7]
[8,13]
[5,6]
[4,19]
[1,7]
[4,6]
[17,22]
[16,25]
[8,9]
[9,16]
[1,10]
[15,17]
[1,28]
[4,6]
[8,9]
[9,12]
[15,18]
[24,28]
[6,18]
[5,15]
[2,7]
[17,21]
[2,15]
[14,23]
[1,9]
[5,21]
[0,4]
[10,20]
[0,1]
[0,4]
[17,19]
[0,1]
[19,39]
[2,13]
[7,12]
[5,7]
[3,5]
[20,25]
[2,20]
[7,14]
[1,10]
[4,19]
[5,7]
[6,7]
[1,20]
[11,14]
[13,40]
[0,6]
[0,18]
[20,34]
[0,1]
[0,2]
[0,3]
[39,42]
[21,22]
[0,2]
[7,11]
[6,14]
[7,8]
[0,1]
[4,7]
[34,35]
[8,19]
[15,32]
[2,41]
[6,19]
[11,19]
[6,22]
[7,29]
[9,23]
[1,2]
[0,4]
[4,6]
[25,37]
[9,33]
[2,46]
[7,19]
[1,3]
[1,17]
[2,13]
[9,43]
[2,6]
[4,14]
[2,6]
[14,19]
[0,6]
[20,25]
[0,3]
[20,35]
[2,12]
[13,18]
[14,18]
[22,29]
[4,17]
[7,12]
[4,34]
[19,24]
[1,9]
[1,22]
[3,23]
[6,7]
[20,26]
[8,9]
[6,15]
[0,28]
[14,22]
[1,5]
[8,12]
[9,13]
[6,7]
[1,4]
[23,36]
[2,8]
[16,34]
[1,22]
[10,17]
[6,19]
[12,22]
[2,17]
[1,2]
[17,23]
[0,2]
[1,6]
[13,18]
[13,41]
[1,9]
[11,14]
[27,29]
[5,11]
[19,25]
[1,16]
[24,27]
[0,7]
[5,8]
[16,35]
[9,28]
[1,8]
[0,10]
[5,19]
[0,4]
[8,20]
[2,7]
[20,21]
[3,10]
[26,35]
[8,9]
[12,22]
[11,37]
[6,22]
[1,7]
[0,1]
[5,9]
[12,14]
[1,5]
[12,21]
[9,19]
[5,16]
[0,7]
[10,23]
[20,29]
[0,15]
[5,9]
[7,12]
[1,20]
[5,10]
[3,22]
[7,13]
[22,23]
[2,5]
[9,14]
[11,21]
[3,26]
[12,24]
[1,9]
[2,3]
[9,15]
[0,1]
[4,12]
[2,8]
[16,18]
[3,8]
[0,1]
[21,37]
[6,16]
[3,9]
[0,2]
[1,30]
[1,11]
[2,9]
[11,38]
[3,38]
[19,24]
[12,23]
[12,36]
[16,34]
[2,3]
[0,9]
[3,4]
[15,39]
[12,40]
[27,37]
[0,5]
[3,31]
[15,19]
[29,33]
[16,18]
[24,26]
[9,12]
[11,13]
[0,3]
[0,15]
[33,39]
[15,18]
[6,15]
[30,40]
[12,19]
[0,1]
[7,11]
[6,28]
[8,18]
[21,23]
[12,17]
[2,7]
[0,12]
[14,38]
[0,3]
[19,35]
[3,11]
[7,22]
[32,42]
[2,12]
[8,38]
[16,33]
[3,10]
[2,34]
[0,7]
[0,6]
[17,41]
[2,7]
[3,12]
[8,13]
[2,44]
[3,8]
[0,2]
[2,21]
[10,24]
[3,14]
[0,22]
[0,8]
[22,35]
[1,15]
[10,39]
[0,2]
[3,6]
[0,1]
[0,1]
[25,39]
[12,33]
[1,2]
[26,38]
[14,39]
[16,27]
[7,35]
[29,33]
[30,31]
[0,7]
[6,11]
[9,10]
[17,28]
[4,18]
[2,8]
[1,14]
[15,18]
[2,4]
[6,28]
[0,8]
[8,10]
[0,4]
[23,26]
[0,1]
[0,7]
[4,5]
[17,21]
[0,1]
[5,7]
[6,19]
[6,11]
[3,7]
[3,7]
[14,21]
[13,14]
[1,13]
[6,14]
[9,16]
[1,2]
[0,1]
[14,19]
[25,29]
[7,13]
[1,2]
[7,14]
[0,1]
[6,10]
[11,14]
[21,29]
[8,18]
[4,7]
[6,8]
[7,19]
[4,6]
[29,39]
[5,32]
[1,3]
[8,9]
[3,7]
[10,24]
[1,8]
[1,16]
[23,41]
[5,9]
[23,40]
[0,4]
[13,21]
[9,36]
[10,24]
[11,12]
[4,6]
[0,1]
[18,29]
[14,16]
[1,2]
[13,27]
[0,19]
[1,22]
[6,23]
[6,19]
[13,14]
[0,7]
[2,9]
[0,1]
[10,41]
[22,27]
[14,30]
[8,16]
[40,41]
[6,10]
[4,13]
[2,5]
[1,10]
[1,27]
[9,10]
[30,37]
[20,43]
[12,37]
[10,31]
[1,2]
[4,7]
[10,39]
[0,3]
[10,11]
[13,16]
[1,2]
[0,28]
[1,8]
[5,26]
[44,45]
[13,38]
[13,28]
[0,11]
[6,11]
[2,5]
[6,25]
[1,2]
[0,9]
[1,3]
[16,26]
[3,10]
[18,19]
[3,10]
[0,13]
[3,12]
[11,19]
[3,5]
[8,11]
[17,32]
[8,16]
[3,5]
[0,1]
[0,11]
[7,28]
[9,15]
[1,3]
[19,20]
[16,31]
[0,2]
[17,25]
[1,12]
[19,25]
[13,35]
[4,5]
[1,7]
[5,8]
[14,23]
[0,9]
[11,12]
[24,27]
[2,8]
[2,10]
[9,18]
[4,6]
[23,28]
[1,2]
[1,3]
[0,5]
[4,11]
[8,12]
[7,9]
[41,43]
[11,18]
[0,5]
[36,41]
[1,12]
[0,24]
[24,25]
[7,23]
[14,17]
[15,46]
[3,29]
[10,11]
[4,6]
[11,33]
[6,29]
[9,14]
[6,24]
[11,42]
[3,25]
[15,43]
[0,2]
[6,20]
[0,1]
[0,4]
[1,7]
[1,4]
[17,29]
[5,25]
[5,11]
[2,7]
[2,11]
[11,13]
[6,15]
[7,40]
[20,34]
[0,1]
[2,14]
[2,18]
[17,18]
[1,8]
[19,24]
[16,27]
[4,8]
[10,12]
[4,5]
[20,25]
[4,14]
[2,3]
[0,18]
[1,9]
[21,25]
[9,27]
[22,36]
[7,8]
[14,30]
[2,11]
[0,7]
[11,18]
[8,18]
[4,5]
[9,29]
[14,17]
[0,1]
[0,16]
[6,9]
[5,23]
[11,23]
[2,3]
[9,20]
[3,10]
[3,11]
[8,14]
[18,22]
[13,20]
[1,5]
[10,15]
[7,33]
[9,13]
[2,3]
[3,5]
[2,4]
[0,41]
[23,40]
[9,27]
[5,8]
[0,1]
[7,10]
[12,21]
[29,36]
[7,33]
[2,7]
[13,18]
[5,19]
[6,13]
[11,23]
[7,14]
[4,13]
[0,1]
[8,13]
[6,11]
[8,16]
[2,4]
[1,2]
[0,3]
[16,22]
[8,21]
[1,2]
[0,31]
[0,1]
[18,23]
[3,21]
[8,18]
[3,16]
[2,6]
[14,20]
[0,8]
[15,24]
[0,8]
[1,2]
[16,20]
[4,22]
[13,22]
[16,28]
[2,3]
[1,2]
[23,25]
[11,16]
[29,40]
[18,21]
[1,12]
[14,20]
[7,11]
[0,1]
[7,13]
[4,6]
[3,4]
[1,9]
[16,20]
[13,17]
[6,8]
[16,20]
[3,6]
[22,25]
[32,44]
[0,2]
[11,17]
[19,32]
[3,4]
[6,16]
[14,19]
[10,13]
[3,18]
[4,5]
[7,20]
[1,47]
[0,2]
[15,28]
[1,2]
[12,23]
[2,6]
[32,34]
[2,5]
[5,8]
[1,4]
[0,1]
[13,20]
[12,19]
[25,37]
[24,36]
[15,17]
[6,13]
[0,1]
[0,3]
[1,3]
[5,9]
[2,9]
[14,32]
[15,17]
[9,17]
[0,4]
[1,4]
[1,27]
[0,30]
[0,15]
[21,23]
[8,14]
[17,22]
[22,35]
[12,26]
[5,10]
[2,9]
[0,1]
[7,12]
[3,5]
[9,11]
[6,23]
[3,17]
[3,9]
[6,32]
[1,12]
[13,27]
[3,8]
[10,13]
[0,2]
[11,31]
[3,12]
[1,2]
[1,5]
[3,13]
[15,19]
[16,21]
[5,6]
[36,44]
[7,16]
[3,15]
[4,8]
[9,12]
[1,2]
[8,25]
[1,23]
[12,16]
[4,32]
[3,4]
[7,11]
[0,1]
[0,1]
[4,33]
[9,14]
[7,21]
[0,1]
[1,15]
[18,23]
[2,4]
[0,13]
[4,31]
[16,28]
[8,15]
[6,8]
[6,12]
[2,3]
[4,6]
[0,3]
[6,25]
[9,16]
[14,23]
[1,5]
[4,25]
[4,15]
[11,24]
[2,3]
[16,18]
[27,42]
[2,3]