100
798061004 41
931939440 435066026 798085275 704817625 414021192 400982732 731665688 608948506 600745044 593077616 498362420 565086222 783750862 831610246 785687897 469719926 494371378 746393091 762611805 646987910 449418613 971155951 682068929 402518797 582227617 433150652 630458523 410249315 12373107 477206386 524389199 727141177 698631759 590383430 823126798 611508596 970869230 971199987 567367143 943417049 662968341
207299167 65
200963621 356804228 339670580 663477899 512518480 663837691 196994083 301626030 408784102 927118321 859696771 650517079 994163647 178306388 856936256 835679574 574442593 551441883 559145416 561213384 994981502 785465450 504505237 344239946 392406128 275125706 411571513 109742655 168480365 655761401 577297437 163990914 324460015 369540137 527215393 159461533 768511329 47837634 488650306 557500558 942380085 154951326 130494282 263073719 718528549 400172206 779159535 902988520 227976364 253409492 966526931 529391795 421466443 846273780 386809813 336110707 375360008 358744190 855773931 948215459 821391844 133306513 637781762 957468872 784231816
208658111 74
982578700 181564248 773146264 330149655 316422580 295136584 153099725 733365066 270146607 809857847 975896514 553216898 787424110 687419456 220231287 972491857 940264849 602879627 977028278 447336945 933964088 897894729 194078384 603621273 343315893 855602937 130068436 497186523 858487885 362260486 140457762 640010786 301028100 68200349 810804546 424213144 550240646 865681778 189476067 139639903 571759415 357645948 246043836 245277152 110418768 113898850 632703952 571064875 461832888 435372826 662862270 619472414 641089445 738286179 740782027 341555009 298499656 351472405 288718828 185375370 796465907 883697729 551711602 573513869 109059134 593118763 165388219 793077527 279705619 412459928 787105554 682985327 707359940 726643011
471290265 26
594947522 688164093 357543849 301806884 474377104 362929988 946168665 377755636 113746416 639391496 546273120 677594558 311506196 559772866 744306110 532027416 724612870 770459125 663934279 779508053 885744853 648269933 902012514 364993709 383501628 244797989
658568661 19
913464105 680222867 609703017 782175954 346611289 342669403 77268694 581299967 759435931 448512141 409450196 725006054 934854131 663040484 580987112 465545538 332519172 357291624 622452102
294469885 8
291459740 366642913 431240154 143259223 151170546 576180659 151210662 399983264
746345678 93
868682886 425684820 880768658 613420521 411846452 847210562 423503313 827407882 517474560 469996292 397185378 821005561 961425552 412319857 560085366 967207432 655156583 962988333 379899672 165324362 751738217 777194939 809189033 792196306 589964687 716259299 654971726 879563071 511401103 470531137 570911025 581021316 518523920 470653965 701119866 614069382 880834122 737664622 727503866 655122869 866736823 959964164 783756364 387928478 965419583 512756727 798687997 788775984 869309401 485122637 655236812 944127459 834520186 555217654 780434914 805381872 768521052 422062104 374263586 871960209 823949132 571649219 738031110 716647475 499329785 454627391 581611970 604509661 504793865 550867462 408326244 430728239 836950207 607561361 732757628 823335131 737168517 702756531 622851806 554483064 927485633 761024589 535764838 912591866 787680657 548128489 981356236 881642527 530743860 993594942 643528253 654199179 795052425
551871275 90
413790206 315444870 475319300 416376795 805853196 354434264 753591738 572533476 334220448 372313807 680194631 442274990 386321653 346795092 724524501 600675382 467589168 893331323 372383860 506263239 578831845 733367515 821663539 454295380 286595770 950001762 495001023 858172720 686260738 963685571 591144142 411475949 563138748 359043430 898010375 300467592 732752970 985925852 449625415 306447898 568427810 631117068 996860342 951750322 428077209 801249819 765284526 847103995 515704655 656404406 283381020 667195336 606382215 97575895 799095882 581461600 899136470 838406360 636793449 608040556 539073056 530763092 370480280 477941741 925640251 450120160 717796290 369118513 565050439 599640399 895918882 617662815 678229202 488581387 754340962 963374247 702560172 907814596 822183607 874063075 636216873 971478064 939322119 663346673 345772129 506336646 823943647 598901498 401940813 804077651
771643680 57
676220709 916798663 716413258 531371942 492026581 450522238 640150222 676586960 545852533 926422778 788696677 683565001 446406727 568548868 467483271 989187466 723477933 131493458 466955930 897946317 414857262 984791828 408954247 498281284 802226658 506616203 852511098 948580080 792232922 755534838 895487358 571912339 622819274 566410394 502250324 744338249 565587126 583454091 819380467 578983470 489784578 647069933 833274056 513908259 783924373 510096758 673264751 390908911 622037515 743778055 664220061 976976295 439689247 996558064 522776733 765860423 874036656
552611014 63
662585622 698510233 869069275 862457309 810489685 424631208 968836344 487028283 982832821 364852067 841250605 324576821 961151969 485432262 495190710 973303195 717674264 739847724 409769563 933366740 970342652 772282213 464264784 973339937 187758947 935791802 556113711 505319847 760931506 613168268 568552943 576808109 862927192 384570636 404756195 844099112 316947272 976566342 332778122 606877190 356519769 739227990 355695759 773843442 598909982 375516867 645455433 705298842 310075821 839094945 738148589 578652999 686355709 761865738 999415618 974116851 804265057 784182299 486148489 716907820 414538193 548124009 706302100
685011983 93
412680825 453526069 957656937 952343178 737305066 769385156 609257188 358195814 693486279 561504956 618248204 839973705 750777905 655991230 907038198 438647313 367030133 664140001 723459634 979918727 639298035 580690565 408827635 394785529 511297294 964720339 701544477 922243956 926060330 354807329 450491196 559583003 290226454 855809055 548442165 781392190 692421034 876777101 958801080 786678149 403615041 345306688 944843891 491260825 703871100 899966518 953495238 705263085 996750565 745963633 734947833 424741319 504634399 910025242 876219053 343724416 431732366 609499728 781314373 729604293 851268570 533322265 898616681 446270057 912213990 946179731 748909389 467834380 436867600 768140901 592917884 815418736 522866616 817460481 628378233 981072890 850298534 674307021 497839024 366307030 420007376 366291296 877162000 429177543 497644588 986533389 907836872 532714283 591953871 484411507 555474531 411418325 620614523
901974836 73
664056726 700238951 453174624 597131966 706734544 929693556 912605373 391952226 701854751 954501576 528978956 955878883 489285309 939447661 896687778 995258509 832636723 989831346 512856066 923041681 630308604 607859001 837075965 696369561 839537520 541284869 786577138 688730650 463215247 866670015 737405831 834909495 657336920 581971758 947582327 666651940 718182219 674147362 700053936 590662334 518738062 794234973 877843527 584269137 587134168 510022610 693749908 902074344 617000944 657413450 860915557 864270234 612737997 671616154 703376271 602306533 469917888 493444827 522433752 815775300 593065056 888596498 528164832 677869786 657059766 637285223 833704892 720296312 971207220 879182614 671263603 886559726 725537882
20613147 46
564057108 17656458 2956689 148039409 876145026 720018912 393314274 785201221 699537366 673516849 110886275 791934674 790638542 474086577 387762840 537081526 249503425 725683627 726856213 188696203 930699224 196981098 952639055 814362163 962715943 192316722 190546651 850962138 263933001 533991186 13915750 432596125 970998908 320354378 827590678 25125179 843083055 779161546 183253738 86418916 914181269 527118839 888718283 651526046 918825100 474941087
383874752 97
344364434 897221530 754273971 651019089 336368202 333282910 213303900 990646415 790020622 854931616 910521401 734401157 397818865 843686122 853589298 493624034 767340941 737107880 538571965 198885681 604365491 857363404 320212822 290829954 498633971 763888935 490644889 788891385 221142193 628320615 839959803 895079951 292277738 455656688 304499067 804890158 920223032 665307123 997017596 307018847 760687406 866854882 398820374 829668403 344579421 839535665 300332748 933040384 849959161 899315417 553996189 474457994 726508831 516083210 812275981 207412920 936611497 648642559 590538148 591496949 353289215 568831097 854608634 475488437 580579754 214099611 554028096 640055457 769122982 518055384 954534914 723802470 943066493 76855905 449116149 891476527 859650775 545694505 199202647 835260933 201813093 465519730 404839530 442620277 284561447 665678108 634226476 944610836 681815892 708526726 272111785 370832739 642549880 955003802 657320928 368325756 385945142
300078843 8
241650707 527113672 283459512 875802676 58428136 613601734 690749212 352400249
597931325 50
863546616 544961924 894745046 336442069 857068178 430974408 606473226 745914848 619023719 989636830 473464061 367679523 447424775 834405956 886262996 835269752 981668469 736561417 307949007 455354442 759380726 685919406 466983340 613910489 472929927 142576883 667345054 572931712 669428865 485495136 901121018 717769750 438253871 837871390 527925832 542833660 673769334 618678167 463792943 960335670 301040783 437931344 426776201 992077734 592498837 365326856 888140226 834253234 931399365 597114454
809903181 55
836008544 820193855 926226956 870515975 782261748 983036811 645276557 644613493 894822406 423137353 978993631 869779198 891952632 472699953 720811454 826153827 654252520 513996505 839420518 883546236 640959405 640808669 836408532 785012682 590623394 657945508 904904510 870240366 574187463 669329641 559447057 940891661 151957673 607539424 593337667 470200743 466740254 582451090 613470055 957662040 551334216 427756953 430999695 762319060 951943570 841755643 496314160 679975250 903187712 437010779 500431645 938465600 478513954 560223828 671027767
761079896 31
468309953 958445778 647106597 857337934 880074493 718207789 578959641 532925748 401204826 881732734 402820078 898448290 411288355 865107155 847680490 556353993 846102945 707060185 495226876 638935809 908364172 851549068 623061982 510436901 515550996 525403711 669999011 522916851 462353182 977859691 54019711
333545770 11
300312529 693680682 741631370 877354581 520495690 724080591 476288042 884637757 378075912 33233241 811681085
583717193 75
386819368 506856812 746138832 464841405 137052250 504484613 472024146 365445178 623486457 425691051 598314041 907766789 467698441 955344040 632470205 728938303 917521945 960747986 513284362 349888570 724245990 629305257 677933747 809627491 497280749 358803027 608055814 296236586 793346429 446664943 778003231 294140527 734126569 862626247 919658483 842887730 361148738 733831792 442837357 454058469 988956426 600958650 608561588 610807500 678092448 710548339 992936339 423065368 452910642 820549752 676961214 405309070 398314812 861230546 965076305 509839009 393711294 974674562 885708940 993982740 777923041 400373088 691409442 820653523 941203446 835645399 396838185 466782108 412348537 580509368 383603280 980115076 910318173 817324140 549087551
810350442 17
458352494 773781656 261775410 467473439 708260310 837127223 824855079 941221034 950744770 742814943 510241547 671410744 580263091 548575032 751897248 661075399 461068388
426643485 87
984629628 912222955 316869954 231313956 994333127 856994808 253305449 619077734 301065176 401358861 294505740 845145915 322567326 744892376 280867886 613011597 815801383 664916378 759433978 772735151 766022474 561794904 735479603 768783140 700972198 971293022 649407546 852159228 740272380 523730694 962991653 335925749 439367930 853679612 820905760 590103928 421668764 664917954 318700087 357217746 366415948 898494956 580162228 704622818 297707889 398682379 662552066 873147669 754185255 369262006 361997694 693775737 723757791 518208031 738056124 741897255 69425739 634309858 334460305 258369766 376738989 489707873 782563175 795914847 690720070 214683841 706217236 465511024 844377749 915703917 333067230 902527427 482963977 592843369 579090903 497456419 660360224 494816926 224856590 229714076 701083577 833260673 535824227 642974435 415780442 448019212 737131132
808994900 4
409711090 716548578 377133644 431861256
611397480 50
852792590 793472349 812907457 309599471 971365217 364424774 952627405 901270359 310424908 460198437 523399823 907707294 416800295 883908727 500020797 913480539 647263087 470340329 876834927 638904646 496944745 334637271 711354872 671178982 806142789 312709077 929104551 567057037 550076025 666743525 620401232 459397404 989984350 522467137 358402711 654988866 867649666 392586213 495568469 246972706 728904986 753287935 705949688 902843852 900434202 529696251 343662971 963729881 364695798 758773439
349070401 99
478445628 927016820 225267187 762195539 958370933 524657525 914805379 58557360 887881225 952073228 233686692 369243932 747105165 810988439 556140584 448341504 710593683 847523597 443545676 959356869 586584013 580837069 321717663 566760902 360753026 250357205 225329078 181654822 315182823 446356557 219375576 943805971 593539455 852073538 213635823 696855475 758166778 849281037 458923102 805428219 575569593 579210408 774645959 598356258 693633377 751489605 663845448 221014491 412428635 896510237 878521061 257980050 811022806 273837746 461006150 643882605 555519958 610582939 596858327 906554895 952862222 905018524 991078314 449889748 544812506 955509424 363636195 683392590 448248738 749413492 220795998 752644192 186276722 502559373 991606547 628809635 764669408 635099967 384175841 418929770 376991795 290513041 465355780 334353454 370289250 216052310 270395080 599473441 783556261 175609369 558371262 869699967 533007172 646401077 366116957 971150334 238485689 626392190 503085490
885607194 78
760959161 875860931 943173481 904782977 457863952 121357729 801606614 692887875 999018309 703666365 887825220 899777592 623977710 574946758 610650215 520453185 847719468 617951824 937118428 965651050 866925024 585433247 792175503 927157488 915875675 927207999 927147263 932424089 825723224 470629226 688441338 997055212 874013477 528667483 925111779 958878558 803433746 557931772 938469684 811157898 584051004 726892832 473172186 932898234 954586833 451590063 584482694 847608686 933094735 895149027 937439631 855912502 736145951 653580117 858334564 723592837 728456921 764249465 572568756 623991665 502976419 667448586 861127587 811990142 624794228 463759452 716100411 532054729 676280451 714357791 460710809 893364059 530890540 811325948 988917390 966455954 958925524 575625700
207844914 38
807411355 963488451 395470144 942961067 239820867 255348670 276748030 928972308 961639547 126480636 559911358 237315700 392289403 598192497 402320537 475609481 164998268 358650612 223928824 331622843 511763008 526169096 369983640 328229866 184362612 734689557 226460647 793865016 517954727 678879513 327111108 968658945 904768145 454236023 23482302 152014340 830649579 765508669
619891300 53
944880678 892547586 506134149 890897650 883090720 783385931 363323506 728447646 775903975 648045500 791086416 90911765 970276652 771213063 619951086 410654184 684334294 516276086 343989341 454225476 864701049 676198406 401801793 546937951 323430553 813213194 496676013 415538568 439569194 614966428 339509173 997670632 730760623 876149703 700220961 755759828 722903627 540100094 821383881 476605792 587514918 868227028 501686591 975607574 971884097 898305310 500755753 553049312 528979535 762738001 498577122 413882548 856489852
155487346 59
113398435 735581033 452178264 448752455 128648886 884973544 323819371 189983995 696662503 539927137 142736153 853199311 308333362 975997975 149982250 686863743 114735785 874756837 883662050 387909645 154137746 204628446 159064868 391702935 280733458 198837518 673732132 829360635 280643068 816558218 5505096 855827341 952521102 350643716 766903684 125507581 660433462 297803014 785074517 625172163 107653076 845849482 558479990 514941768 362047658 604966556 784762920 581867960 849084065 570581239 589968275 442010745 707939752 573112460 493781149 937185471 762795358 918986604 581181525
562338095 9
475476163 486999591 333427046 983461779 803397812 701558201 704338062 228911049 891273174
2134963 65
662116 666193929 272079067 1472847 449390201 906836718 223824253 192403904 930933186 57512585 855698218 10872796 22667467 393249573 185957928 816254332 100997608 753681905 208297702 783498846 489721999 803226946 767435673 23011637 493898605 424365411 208513087 507535103 96716629 244879979 22562947 118251577 847118523 637401991 36192280 318169090 178315767 862804602 858487415 60868352 301165791 156713057 61398910 814534654 229430627 638358242 418749004 996352171 695049791 11966488 638981374 323983922 822439617 864757928 941360313 243726369 317180493 538139887 525868444 595416340 726080996 621806525 320215408 399121217 296684027
925415801 8
618913441 676495269 941225862 587809697 787478586 749384440 176031361 530130312
444422948 99
873670949 705081995 315286078 709182967 559767360 908306694 470156849 790964794 967630786 997529508 570574772 463425121 94778499 615390067 296208531 821823812 793204039 849791301 862574375 788965049 574533059 982375405 371214527 859940675 286883586 884320639 269815831 587520624 984374371 439091249 370119685 712780000 336989754 588114559 311582500 918719021 244251357 349644449 513181914 611784792 395261862 981146975 611218855 943761784 474979293 885939313 382629073 312325064 652262320 967778742 265237382 596054540 690447367 354196211 871865904 629484499 274591437 306768931 538475635 771761539 812309240 384685652 888981400 643355045 800948665 877938267 861850434 226526109 930025567 267182614 781932529 708639306 487885707 429863216 704426494 233858439 795701856 670894199 981299849 694044813 452111476 533208371 799940462 484268506 572664133 484351450 482243699 715802314 950082227 489802138 376088058 607038825 733296131 749720966 661017718 297559912 388520360 937181102 732114604
882921600 93
794492102 679064247 806042111 652803189 563285577 979896205 729056319 525424445 851013718 826557621 630739212 883447636 646096331 881900146 541873494 944499969 646621251 591598342 638685609 747228984 639437576 563504583 715968683 686274727 567722096 913304511 514294894 864727546 308468310 663512652 574453290 584561929 966015445 669671764 988815572 566761333 862096508 732553034 748861583 977652408 859088345 592533832 816293623 611562261 659913596 516753113 699267475 554628631 633130661 706822715 590539415 830575835 872485369 592097608 908981028 822413164 939638515 902804568 992609503 622098042 794939560 568274047 885917698 604192655 583440126 905084041 533236536 556415396 647884408 960876950 788448617 862868058 638165497 774161703 453095048 592336994 983466318 833982291 503415321 915719417 739874364 695100646 973144044 723566934 829997755 689365457 494913048 489921601 472016930 558559207 661206298 904388838 459058544
898451012 22
536058038 574621829 664365463 475245281 915560418 924491170 686983637 909164856 92160153 629873128 671951005 880411743 802285702 922333611 593835107 833082969 549604805 800161808 806290859 916561546 921607248 474756452
121066428 92
319002429 916157435 332253996 419637208 529250651 402895981 552220773 80018558 863453772 335662575 935575172 657593930 105369129 793809635 308461114 324343288 76987905 532747862 669753335 888340105 306377577 997839039 370177983 124301819 594297562 76194048 429295120 646285746 631339820 860862621 454473644 777226996 217516180 589338672 549098144 305849491 953964847 259464266 81557893 426237883 820466114 284471994 277827013 152689030 338448632 267220623 725838734 944187823 367297816 831501859 746129576 494259557 107431184 391779712 718167867 751286527 604663201 375960062 228234768 907409461 110179987 511462424 288641688 240343774 996283478 905799599 347100186 139319003 566206414 880142979 417821011 764051607 787639996 411380438 924560446 729625168 964193945 716861498 437639156 893702822 475002788 247159365 522939910 855499732 495014776 828397863 584036894 44872380 316203380 384466264 535747681 965383392
18736918 62
465455080 652857161 732272228 266053083 547988628 171116165 818261855 493060852 554675890 233961908 88025235 106514210 55890508 492370103 525018665 280322587 52687620 911495075 620603882 605530935 348551466 899443113 495198446 920995954 668071131 206806258 675174378 328188354 685999370 773290759 424370340 998348482 120802423 174226062 130530279 235714523 166724542 816533275 985581371 135662171 759024097 552741305 1017792 415441328 459620095 985914328 326061787 949094480 84145306 993587819 475702800 447915931 962408157 71998755 498872146 297515586 893805660 57900117 717849247 135971703 17719126 941897121
446622167 91
580850281 562396430 714544574 380846759 470278794 503005652 812625726 417142068 983508572 529908405 807937251 278229158 703599044 686739457 355862191 582123327 867693990 482352895 699415797 284969631 896136090 531795435 454021040 661572733 705880562 619985655 526053057 830487161 375067652 691963519 813022302 869514473 545182304 644883339 858593327 401269355 897910008 553689699 531407711 45352812 278598915 309186139 836384866 689865485 684753452 684625957 978954440 566791032 601643555 226251450 469121549 253104097 621163702 652374630 225510244 246701823 998493972 927321741 750882956 651461211 535135041 745556247 924010521 393842743 974541082 576212884 471372971 518063233 902477269 416714172 772252171 818275492 602715817 274756658 806858305 319526824 316368158 768571266 524588595 673925560 951523581 301711774 417626222 399993208 765836349 394462509 532219208 812601351 661643254 750555914 300912423
778342883 36
729180620 968504951 409997884 816467763 765490445 894675986 411621578 723261286 475046066 855754071 867340488 440687282 681747570 931838696 841374571 940818068 483411437 446692234 432399530 916296749 459299526 464796927 930781632 731126130 729462322 447395541 487887059 481736472 703333153 547355780 669954571 405412660 466399774 75009730 881268547 957597642
494276959 8
505835598 525594703 49117209 531557328 962866625 306564317 290083823 445159750
906946592 74
690152679 990821628 921555494 842557232 988961934 699060558 949673013 826192494 772079483 811593441 586558311 953714873 551730720 959915447 791221047 636268544 991045350 587057103 628569126 672433217 714938686 791009068 691002816 790903006 588784875 580310017 652123552 510818252 570336471 489465518 506880271 743270671 585704586 554293657 761856877 721396839 818587267 787296681 943821908 529133964 766505413 845056340 782506797 731043981 222600813 824576206 553223904 762648467 847472604 535651383 684345779 945939745 823303159 673703966 470557520 895237249 652303353 833358822 495530073 715728406 594699643 831208945 842014348 538973586 501953444 988348736 743019915 932765258 844224481 863853069 860042408 894774435 509891452 811677915
137220063 36
712109249 590965934 544039491 627571036 143390228 139585091 801824849 280658769 513961323 278806235 355409787 931961050 782666577 794098317 392286038 281702910 235853643 997770468 380712451 665721454 508150479 700435990 85459479 431116102 163592623 568700035 975901952 814786430 763315882 306458739 51760584 177343747 710971164 254075840 845471743 906647873
906008030 65
519562968 950223486 535250953 829189238 583904022 876745893 811599611 820324102 550427144 662694793 459515350 870868902 664148553 709782743 859145131 838299385 553735304 558623648 921791006 861327136 674864632 788767517 974867296 725240548 780969644 696892488 468644342 763624666 649992772 567096682 895235085 608188758 605436265 921902898 815343498 853943317 858144289 655111335 703496677 697566898 731481601 974756359 588668572 642698083 948275822 892994678 708961019 645406405 482672777 522200340 773015937 488860807 29262137 987235170 829231501 585536872 797535915 684201065 694053455 744048318 786671331 653363042 746066600 886744808 777771545
693078483 68
352072872 665342394 676338951 630160163 643600519 900402067 430458663 581184147 658096645 226147872 567278889 551776683 672951705 841272387 955407477 443685689 970109004 495875871 649283241 888465171 631295780 393139147 793043767 530607447 701791385 423905416 624574485 626392229 861008574 537185592 706255046 419011251 602265741 745797706 701892337 664749160 551586524 898790570 883252648 936637591 768699542 750017045 786481254 635526835 640282664 410608867 636728209 737205668 666566933 914708047 879623681 923700282 646146426 584221667 439761627 544607750 433258903 579575738 905686804 880231435 622272813 862938002 386693969 815945970 684421900 466930611 630766142 619773392
669901800 60
588701236 537604427 952224581 381242857 468038257 855119941 474419511 661120572 470242316 821721357 971628415 398685059 717632384 743522140 584909745 472625609 658669366 697029812 827441735 881572382 786174043 743786175 807925809 809187113 484950558 384292284 618540893 972545348 603225728 528746687 977764820 367722611 844061429 672848689 355919901 815151997 899627422 981772455 989119524 775674270 598813904 910231765 932733096 460153236 817645184 900056967 927671172 545450148 743462931 701286437 588057325 815938142 611130046 568171077 989287652 521608441 435119450 889148729 861408954 124451652
584945006 30
426977081 44210187 922397288 664496125 397692787 906693634 951014800 440931364 294825038 327261191 544693438 746967290 773379038 498775602 540734819 339759321 642551085 357415497 677528921 956856763 302980499 693449088 808346209 890757383 540178052 990432908 850755206 564538872 456845758 376738121
699449949 61
482868633 910868674 902288442 460024000 619222161 667686277 618478253 591076834 724936934 818019863 467116201 553717196 389932459 799653150 934620900 401574765 426465983 560810602 433373373 466409450 357073133 550127155 515150120 846936756 768403617 682285362 805074195 830940070 428073864 762075189 630429715 459286011 459374886 721628258 610423747 408630277 358611404 871400872 353405473 613037320 859821941 353362211 352321173 608909034 724916745 900101805 803336847 936983759 407188765 818153915 907641223 551902974 650518553 844519167 147546975 811213463 900586064 689230011 415349540 983691495 731844295
722518554 97
782581191 969477107 620290947 622959287 902562021 578824129 698815359 431331235 491268688 979142580 741973753 454263759 560059534 689322917 539653211 976596867 385037073 730669032 835820913 504512561 568764630 410662121 955647197 438145434 763794670 969924450 725762024 556414617 560694451 793295474 741012225 316828243 419317157 655020388 919405275 670622188 625520275 467753112 586314600 557707584 470076010 496918171 604597377 578949813 529987038 365351304 976670824 578056961 746741167 435895973 366689348 422329681 635552191 519516666 483872844 822051654 709256158 426895833 562556461 876816585 850256570 758413304 485761405 713841494 924472163 849886207 810950393 707618700 564028739 498197920 864274588 632835789 513206126 511281531 815134335 371278900 789892121 849031541 405690311 596552938 510339052 432230127 396134060 924122020 544595435 861763366 835370396 891367015 838338641 586624266 910832077 741060398 943295447 644836859 646516834 391961379 831589117
426806098 12
12676403 616634717 788394793 347823484 450926888 299621040 498415861 940783775 668842713 798724235 463451163 414129695
811553316 67
944437781 579658150 638190851 651914431 789572938 659005462 651317401 527177829 859650242 426846164 772422977 922104184 933502891 799925331 670330262 691667695 676086732 511598051 666748649 445768162 969937253 977104514 639330807 825350178 468825091 753476074 882638555 655820566 983880196 825426626 618617324 622744635 668955004 896254640 481576786 873644491 824335847 931844095 751949627 916022071 462792400 526583198 776192004 944993048 299955265 789407447 896124402 582899838 482878056 849963468 860306829 763752388 551610851 470952183 480900373 460171090 941170149 620374970 819183885 471449192 642099056 609505842 803139267 499382527 856964657 522827665 897642494
376025191 8
270953522 150815510 972997906 280373574 398443818 225209681 911999031 247869121
210445816 52
223679672 161127393 107906806 787666735 992981334 528533973 262727286 875086460 947175976 769117685 390256558 835336958 311238037 437483628 601598845 134139665 842768139 408425081 225322249 467757281 480598401 706002587 262055843 983880640 504945767 253553645 862699727 186212480 25338076 285144256 469621207 249213805 123502933 405069283 337031023 468444572 332990744 185107740 457898884 217294475 807159133 208591503 109882402 933627029 822329513 466341928 451223468 205379877 672023004 987201242 433998034 329436620
33713519 95
144498040 904863713 447340959 817929870 836506846 575961480 351738605 720595484 111361751 534642610 375654921 610782179 129123998 159083883 455977050 317738557 191384290 539378632 556488632 442651755 537344261 491930706 36829436 108635650 499462441 774566615 895196414 602265919 725021318 847681649 963914385 304302460 584568997 823627403 157356651 717252985 90393511 46644756 11489705 186541036 102218409 437022227 890173685 967991123 936411793 22223814 247046644 29917954 82103517 259855487 399413797 540572404 440884412 115311946 78996632 402117229 100493011 491098422 71001786 854882627 359770840 124778360 994520864 207365266 719422787 751788150 36432077 253050991 52340091 288763142 486340613 348083546 405921740 732727915 478359548 978116178 841733190 868445240 822219812 25850853 933313825 503718365 167564345 263899832 96763233 337448614 464509993 511226387 842038189 654617269 558542249 317091207 460704489 214425493 629096736
881824930 58
880398159 787932287 596587246 935296895 765094608 472518533 447175399 845248757 558879156 726424288 864809570 957588526 873195124 796127388 664293268 823509477 953922889 959064991 561404970 573818116 784034726 496130448 545519603 821921668 952832723 587458082 801025156 755419703 572741994 643213990 479532312 524775368 693779696 732698806 247461327 866790719 904253188 711177154 685120945 579624629 654802156 871699408 577480658 841933984 990387717 927123332 678344114 929258077 886938420 715236043 981062911 634363603 658701456 651917681 707993432 538705306 662214816 553519517
100554707 42
599284508 641760266 507896998 710515363 846679045 87270819 414031122 424911287 854323746 552814580 323005424 507508053 977666817 388472991 815184287 562002373 772549667 287859446 77571737 271589780 847446979 261535696 272716406 962154904 990537468 82638797 466774610 721049336 849299160 527833177 315589343 489959887 54544917 976794506 13283888 65166277 896059962 499596188 932544328 380844042 328177956 598237608
814095408 51
485577917 788042884 545373256 556721366 913807194 516075155 668045167 847504330 560848520 706115413 647651259 690316954 500045359 431459850 861432219 905572374 474389538 636181587 564512234 809362679 704691034 910222253 915656834 549288185 846711180 461131090 509856503 541691831 752944606 594208413 460847241 579280875 477315120 971498409 596026543 615323280 847956874 636903559 580651515 665908396 411955507 702948543 416040521 774225525 599661937 837225920 633740140 382635558 573416493 536006022 478245983
312518359 80
833852151 99162127 928605993 379915176 695605057 983620660 833371766 920566614 895289670 213356232 260771552 508841147 337360424 857224433 617807651 466800935 190695582 223196412 414454173 599640933 690576974 450471224 387770055 700040368 758303038 348226677 694592267 315495482 471621197 705728895 874617808 304413221 688809379 976096621 175907397 182998115 811723749 814007846 686437002 674919394 964897544 332021928 946084328 988046177 484015238 324085306 842166592 208552874 642140410 919882195 585669321 277591136 820478432 608487737 338807980 617882327 671905511 809149417 772144980 495148176 992424140 917296217 469751093 803129247 791394208 201630375 268338465 403149753 862306998 510882602 972944648 235770109 535183947 258027164 267783892 781042602 833780228 657725024 401495802 591860288
976421699 66
970857048 581451613 792090410 720898641 642576198 844647549 974888513 649815319 898809314 780951867 529702524 652430230 542520188 926003680 775557075 767030241 889847545 894066707 672972006 735505514 567941474 669537826 917405547 810969362 747552699 907789563 992731240 553141928 912343144 795670958 715127639 982639729 953271449 527987267 573846822 824464965 550387229 765222958 875507406 747131576 863649930 942015438 619720765 893864034 426034470 965541667 540322511 594715364 659374361 874996320 714066084 535486550 740627380 781477435 830024567 751373463 501682145 859909964 749108363 680660720 807833813 975791922 756461948 495130345 895061665 744881927
653315721 71
765416600 347530581 879175662 924845234 612032599 904978083 338352012 929138113 384279434 749840789 596753838 562938033 480211857 623506022 975878821 441878175 449059553 523478643 728836334 557829139 762811340 352781007 907151303 683715367 455703144 951434400 592828870 659967569 770994965 786471825 546201966 583852341 607172667 724618877 387803803 668414123 625421948 367030744 393512401 405410519 484896859 366877350 488975253 498948570 347048721 606407078 498215711 579045173 761775548 652453020 495713075 691243716 432510949 974062160 795345287 785652511 723609787 693182777 360093645 615291558 947078879 328108544 425308337 328441712 977665748 778044026 862701 644395396 434836197 877436622 967498801
20531269 92
655046676 129664935 707990760 944873106 203330942 579505449 894521935 3003132 309975698 14613483 511792355 17528137 707394779 983339245 660970242 529755832 97249611 452772535 894602677 442620933 754830438 375459078 676341579 701377271 907343604 216474693 321255783 782157774 417675464 611116107 289325228 559293685 885061484 791988294 623754903 970683981 794313228 818344465 771494183 443411635 342091369 913431414 244350988 396837795 48544388 727674592 691527113 474177338 177655942 224450240 86103384 264773264 551891262 864006071 976350172 404914951 161059437 749560145 989152540 306929666 22213897 432613017 790030030 31044198 229285948 460447696 341121416 881052555 381614066 430861688 513445986 563225873 149591742 681074269 79117770 260194214 949459031 143771394 671364902 70591454 432181141 128361161 832492512 972176640 541556867 638080906 344785770 923235645 650448397 547374639 890611634 122421309
465477922 87
923523593 814632919 379951402 661864247 660280350 805468451 887921519 647216934 335678049 995009225 697752935 483407761 471971291 304784937 488036183 516344781 264316941 798360353 337617738 485546495 825496889 640712269 864259401 941984292 966924632 936697970 908464303 771806345 992075316 621282322 594274775 257166141 964627945 860867596 720740488 873559289 601283879 956889554 742522908 934297451 375904943 766704152 657250059 887944303 452973444 770964443 366840105 920529405 714245358 989975483 331422376 160692985 829385366 700080932 332292596 552804236 783904132 713775849 601815613 257460142 730307494 419410395 372074863 592160791 233918388 777048742 834093930 864845477 273479979 687300617 734660765 411483170 915806525 563987557 673918151 804496049 241729870 314507274 926406242 731752332 685174477 841029629 978814276 890388726 484438028 996936027 610846265
491865665 85
982666216 768090425 362637645 637943690 957364466 994222974 517216775 941454443 827203642 522149161 900251900 497840183 444122594 627708069 277759773 828711484 886809290 669795852 894467100 710987182 833757456 298567805 642676855 493330196 711729822 992706579 494812777 475139175 847000830 312357878 586273667 966539073 517754037 393681696 995981895 319071227 432419619 439031853 421301252 572813303 667912050 626454696 970641335 252719646 284303529 525288583 337480123 602464473 765388154 550684321 804941976 513902827 824085816 676265994 472220661 961671185 507294700 359020479 407014383 473194685 290091826 686067026 267993945 424955821 486759943 849641886 848439735 350915957 336403109 833982091 645107115 469687006 377228869 674954127 853081871 16726490 636293317 747861641 443025593 628158157 720006518 762510944 291058435 776209793 802359010
976888951 26
989871310 941398774 723307524 713857465 963239007 936404824 749551429 969870501 552816799 896232157 556917666 909082483 581872962 984459189 792605585 865085395 840742384 937632629 641539841 795180997 253581427 919401221 847450655 532750782 763719249 709213474
398663687 64
661102540 436942092 848006519 519867494 107345513 410924443 804788582 357389676 511140221 546786606 739953372 494187696 579638312 627968818 671491174 754471364 798684832 427022584 866840702 759023815 949673842 951388437 542232817 646244391 617915849 842199449 970043311 308100071 766189986 917340806 571827593 848613113 928220685 988472309 821683911 649632597 539196220 536000561 613062901 627378937 785922925 803344765 992712962 539092379 847820460 941095641 700438618 319827773 778292739 291667359 622786468 561821187 785299490 547299627 291318174 223393055 494273650 485211445 512399745 470613456 344570836 944458809 671196207 738346276
746281074 43
793500890 818519081 481480338 597379493 903205010 535543482 526497131 770291332 456073091 764158445 596909180 589561398 479782040 395735768 484664168 599299645 893326562 685746388 440496189 524231102 970396111 393854539 452617643 520606510 697668468 747953088 642733833 952573872 965455252 488456655 261616906 944174880 908511832 467339336 728481972 943008567 579091854 742039041 812196618 491837271 800346045 930738640 454498310
977206642 47
699499151 677021980 530255388 985573435 646671218 751096975 760581168 898183979 950382825 914420512 910392318 740095288 300184662 991912667 500062645 808782226 827339865 532961488 711000256 971137305 835403230 746754576 919823895 645969152 658995436 756315597 625258796 530882643 499116840 651317956 633942669 567660286 879791667 988673692 663974208 693507869 702534432 660219788 653790593 664580283 984286761 810086315 861374376 591762491 841265028 839164913 953308773
833225627 15
549762172 797526920 992455055 962357953 112563476 988640057 677557647 592788678 697398774 538859491 720662151 506244284 676160688 439325930 813420920
918197964 36
672479752 789588304 472134083 985745705 363584594 730095307 551505389 873777144 846784345 523893331 771660209 784206238 615252737 769800863 820526576 554613370 731156766 703665037 725258449 865724338 872795075 561352032 531712931 511506341 678040966 623516636 987167531 814440787 626538161 917962549 573013650 548329577 721125900 552632060 878186888 818376211
65977604 90
426743745 833411509 940598211 729855200 436524887 110960672 601968486 933670240 103257618 187960489 346993410 130092643 297608978 394051068 308999319 748228393 580483496 711541741 917198459 726450960 50176386 680464333 732673336 477056032 133099463 581747466 515477195 823209734 306001238 38359375 419908903 923372221 731171289 245218766 965273274 750103526 393505235 961106710 730043808 723188403 689374328 644492547 949436709 863676265 332354115 742474130 999102523 198870881 760815444 671203721 59805684 13097546 921175052 434562144 718834444 137600529 52880058 532992852 970250300 966545250 989249462 470452050 950750863 251415916 173246447 49560722 418175572 628048075 57581072 942343385 448043246 472958792 238095918 985137788 214913377 581373697 969341266 122796034 337523883 640697594 472913595 158205829 778145095 631997331 776430923 771421962 101342055 199841791 963474025 410898465
679977513 58
921730484 380487084 680214172 897868812 401034270 710044849 597465419 346813310 914478254 460881353 653269028 503641777 845739974 984871728 690970369 722553135 435960954 939594150 814004289 556175671 352234927 452332988 739318236 826308099 365127962 501922694 644726178 963848940 813052260 587163372 644186509 886083078 729427593 343810478 678888534 955277545 553075528 450840900 691873759 652824648 650117473 532669323 985104324 708733358 724296892 681859387 786003914 1088979 452842029 853408865 718547383 764318912 897097605 784815497 491642630 743749928 485219958 729489229
850463936 24
674393675 858570229 595560801 623616897 633848332 733072098 498667215 732451283 448592774 544480646 603840202 657421742 591742380 556016705 863736584 811315332 694272192 436452206 824322743 835122590 563827633 156191744 989462749 866238309
297932038 57
770911625 316575256 538359913 550892258 230813284 378018737 905873329 503124821 156448928 889466199 422106510 161239928 696779036 141483110 680535956 940103570 807856172 995146430 363469008 834099661 913059341 203243478 403367292 581465416 496203814 760875808 381357016 483224130 930818817 528574625 726032301 893963859 903006629 149197690 150182185 601951067 254829680 269869843 279514536 284448912 564516634 239171628 988933768 787783801 456093008 384708967 391424101 303723733 462322547 629843258 497740977 223192482 597804418 952860095 787417351 609011439 222505809
890700770 19
835895173 635644270 534046842 466222841 470398231 560295905 696616901 280474727 638310698 610226043 538456770 945417804 523639342 640130615 516886431 759034947 807965260 701111230 522511463
694296565 62
946629153 356363306 803802047 395700124 365832661 462477092 579415597 724389369 534373822 462281806 357151492 749298397 717670331 667249874 754254331 921435339 504789185 890092169 837769834 425120072 723210114 414727001 403367770 376285756 449776768 615247367 397702949 889688746 664047936 517701908 815927370 736612644 922653115 328463904 558114671 905312900 666584390 527278996 815963761 392079180 759783459 864081636 704435150 973234273 895215867 748688431 848101806 682576008 425147912 369423029 370532915 736614233 861695094 891267248 391714145 829751655 606475053 590520314 627591358 878863324 582351587 578065031
195655141 34
186542852 620552554 505322018 312996103 163464294 887830653 895442980 599047857 473330389 779225240 730373625 982357744 884882126 203398353 889077479 164906531 486610403 180331719 559587584 745893966 715878358 129712582 527294996 639178878 674431983 318161218 32753590 162901551 201762984 439962771 297926519 576468878 503208581 750707782
823509258 19
452296968 745874658 215300407 431866530 608208851 508256001 785956602 746869780 784919351 741064132 556287983 872517604 797582365 582835444 626004387 691346061 451258930 499990037 444989980
164856475 89
495819395 729984067 980164363 977952979 988764198 901970429 691819078 705986025 117804116 655502937 578417988 697389555 82887844 616284298 352017407 527962390 503647445 263749456 621948825 937611215 734067670 451989276 387324136 705248680 501047802 608296954 641311884 757760761 155950644 115616985 661099014 641438667 351311931 59588526 111434075 753727160 509982712 804717500 221602480 568219121 247403823 582190383 162934123 958171261 757610000 311464258 559418336 360451504 127156219 562310872 423835257 274904642 481237431 622803275 183974728 642341544 101036458 748228943 961966668 582506069 147761568 105267949 975072226 165782482 427966093 651633053 371347287 618926708 801768096 516170216 173518804 843478871 210218702 317494076 520207032 674782342 250121957 218341230 549947738 135594719 542015994 166784059 351413786 877431009 429687276 293663764 267476859 111695155 283491248
699618823 37
527732165 879819802 644058738 587629693 554327691 360706346 716334059 964133893 803927105 710160281 844425420 622544528 418636651 846005689 698234434 843359407 837953324 630297696 523284847 609297813 866315773 709304331 598482739 329313483 417579673 370305340 517305299 688171317 721809760 944389943 443316495 750018351 872667869 506333411 537494421 719817829 437489408
254975387 5
65454535 264096736 420532373 189520852 534383878
869608277 39
496623194 997377718 866321045 756076941 745732774 515431673 433336596 488962995 618434304 436271681 621655588 983842962 538732250 805023845 528286296 444975794 565660587 620155086 879926261 761114400 725457590 498534750 477058050 676290213 989619242 826497179 532959605 853705811 527774164 977714973 675267106 571890871 560508643 561319982 921593420 738448063 496686803 507838100 629210433
901179165 28
719886843 464059460 952925188 536096102 533785540 471477808 532125655 634301474 524791756 271891634 718197313 629287531 710481261 758248218 647538795 478984499 682693355 936191870 680988198 619863106 467742860 835258468 828085444 728404845 946707396 588489445 459926311 549693622
936290414 65
569703584 898693122 620344590 256806663 612701122 982723237 650817932 943309190 921172049 637012476 741956454 989407406 758382712 542820120 530672383 942897356 584428146 531769583 923338588 657474615 617856786 628501462 475500065 969039490 696030258 934275363 623427823 793728796 962920724 769942104 864289685 748773391 961620484 686346990 605476443 764471431 948855149 737192505 963489643 679483751 714086561 867159652 533241472 823691923 549064829 966614167 736471981 474935275 656308060 955357575 543759997 815582954 894846950 547057032 623500764 881912520 820634276 863242739 939771662 912245751 898184938 558259740 663669298 878568452 478831959
778458579 6
968016608 770255909 657846018 775098734 3359845 416092187
5684109 46
502998452 662889246 75637124 235734194 830897100 630277766 543771980 313300242 748727846 1741365 954314009 893842729 51334890 252144013 404445153 112850797 269037916 148774492 920135791 678255156 832387996 71745686 73865853 986347104 867921036 678374787 453567250 37356886 758944615 511707935 945285754 222146960 814735295 3942744 480716678 937305231 931082831 692902101 361110806 924241348 681945105 698571709 244609877 119497070 505325653 115437215
299512468 75
162700366 648312034 724568124 569457659 524399510 942511036 454591611 381752407 289656582 991369567 173081351 486517010 299787255 477512243 563600351 618317050 247636908 447389943 700932407 590459226 419459441 652101540 691485165 494386880 587490103 489697434 579611707 302629497 575444729 360098855 991058633 161097551 126431117 299436719 237984174 742011111 641015375 320134340 392124582 581281280 780027389 668609320 858726498 737552702 458321786 799762856 794781785 421486828 820141847 541317032 367884505 600013789 623165383 931068069 425024414 168107460 453087955 786048440 903875010 434467496 500986229 947839166 374887203 730339661 426447095 256449230 736269780 887768634 995810084 484595444 512622247 520661174 372537324 605538410 992868269
30233260 46
568197495 848914305 97253065 27333103 426326491 299263514 98285849 126586310 16817218 501542771 812860924 52668127 957338408 142967781 894764338 273884472 242588932 318951035 6053797 123211150 123144993 861621817 108018367 24179463 199597809 432065670 189444738 63487165 918119096 95701161 615444998 741657109 95031048 143274624 58398682 278103693 719838670 444396502 153143630 797083225 110656046 387529823 620979367 93760204 639352054 429023711
334926224 32
767703805 365346221 899577667 449845915 553240590 251670505 395785600 341736991 854948531 219545627 565254198 255032852 804002309 605161072 229741203 684308925 190099363 390420301 432019679 735436865 272398956 529525326 231459730 930384741 851929098 586359407 107697223 227229001 253023167 193484985 181963101 779115576
21774693 80
484778984 771095681 241127811 4483715 102312529 122880084 431791632 344605953 284870414 75787959 521518679 45258897 258040859 557541300 593537089 46755350 158283099 608717422 496814239 131304284 972154785 162744025 753249154 434695674 48479977 122053704 52253892 564123111 902256322 102425960 634981979 272572954 617935350 635499243 412641673 892517833 945095300 75717864 493769797 506458970 670188146 528531380 329141115 324182882 53192901 946614551 759500854 965944534 391473186 442570718 309469925 570337235 210406840 56944927 985023658 201658956 125467432 607842347 540024451 756516474 620895664 233685774 863419034 416032704 128055925 321126271 770104082 585266354 639140790 710868457 697296959 17290978 801882207 345000745 284437545 301766522 388888475 279841121 883837690 701931741
330789671 31
193577788 357413025 696107853 227711767 632389960 727875642 501095001 859694072 792523826 112080915 479671236 667660218 490043224 398460210 874096219 470528836 990796193 901552252 923874191 228208213 918989292 218708756 535361720 574404230 735540926 804689498 818612727 899329707 607573502 827823757 587004257
907018472 45
814144498 515123236 511453873 613109161 454601729 847906889 908063800 803517125 681234434 773999589 911850119 683436431 575719413 729441899 519286514 669481581 967782758 755890663 898639616 694186885 707105193 491019369 928812305 805872832 796709822 452416743 718068509 776700134 645326416 504770326 496663404 991794321 649482904 750855394 690732737 760387801 983151250 765678257 487113486 831308008 612460903 473769301 726993370 860097021 612664411
761712467 52
916277321 942021306 511509036 676520695 384141887 436552298 833493379 520382016 840935045 879001316 585088466 898682673 596020014 284243410 442751286 634111528 480510171 837374758 903536082 495463916 498801177 608210979 477469057 810841541 598443587 913931897 733399191 810903391 668265037 445103867 416390963 813665163 961934124 700996164 746100731 570477976 449900228 542954035 493627049 720025787 385295940 387946547 757741290 759483487 606892225 896256760 827008737 491331506 747868558 965191186 765432751 392862812
407790720 33
841068587 351639497 896160653 487090394 730673532 514592950 652736485 819397240 766891549 273011467 818492315 314047576 326588748 396373032 636374292 934313021 296582718 86000254 257194005 929661236 891722200 348739926 974253313 321790466 749978739 325392390 761241280 464646486 976063273 838895056 928534611 579004575 936573012
241356748 88
997293734 807825355 462297162 844092563 955358416 982803293 836123382 204372818 840570136 761060846 830635707 328427892 284771770 934947171 699993035 592177669 415877258 484570683 661802083 873362094 238834905 943367716 929942780 786252052 983111713 262351900 136276378 232511849 152530933 989338612 121336993 842737698 388762165 782205800 446616708 76956057 999757139 749849069 299512798 776304841 572714256 918169535 823525833 850161681 809819966 203589326 375472324 164400691 451856999 781729826 678144883 354741934 638534901 718832006 282995695 980184983 623350847 271186450 444599228 660890423 881274308 606882395 163296426 275145206 126975140 358488257 163326294 497876601 731767459 695028647 732078087 620171916 482595526 901625228 202126815 437540374 402550928 155525037 299941326 608259704 517037130 175173031 509410417 513066303 905133631 804457931 863705193 937897220
934693581 91
854725042 925443007 603830474 651659623 938975722 609666977 644291229 906657189 739181824 597940752 743944371 558135114 486017647 975803543 891296120 622994669 472074346 956029562 901269898 618252360 526142174 805893056 680085777 952548660 808193323 871873643 969615524 820274439 681951819 951124713 525134709 709285047 480983533 618821141 792844865 968803280 498328499 786342586 837614285 712438307 759081922 729890664 899590721 601472410 591960118 887766800 946518327 992060371 606227751 865657618 516548170 953130590 823639465 559782065 759591589 900377124 650845999 708174226 696510112 984474974 764084737 997279702 468820126 763132476 940236866 564415011 587601710 467487717 548642133 777523134 779321472 791722245 584224985 573919500 902275526 736688042 476856154 967522780 991637413 507666821 941974158 567421792 589299150 759316613 808927525 677462504 722343009 779068936 711884984 544533145 453710048
137669977 54
827871845 312877146 876352927 427329418 708286064 923788138 586764561 895482378 603919481 157016720 276260416 181239534 951844401 422302275 334346238 57377614 912758567 106090822 550487722 481246102 328110841 565373294 707147274 446307544 920572526 734641225 890957857 184944547 525117041 514147454 291049017 489536889 568439088 124375018 436508624 604910925 685940871 898827953 444654945 570413763 218270634 766738726 718580881 560069227 88772232 998388804 732314940 80292363 978237367 468686087 827654801 680082761 720295037 295199812
682385705 49
938032306 852857754 658643902 842066266 828847941 787255049 373455143 573903039 832541054 760290714 377289407 864312754 363385588 132945759 678155717 679712507 348115464 523220013 435963357 702921276 544666618 995677870 391003855 396619906 836647693 840449713 969097151 390517809 495464334 902313821 521357299 806414556 997881253 960677164 343726003 594645693 724869837 845430981 614589192 825403294 549439946 893584416 578413028 807927686 502455062 435599415 411795284 545049243 730718700
864492042 32
517127756 543334184 945483585 830904705 896070392 887218694 707921674 661043182 976852759 920720969 658516749 651707053 938036147 624224152 769217936 955187000 592446197 807293081 641588877 859021507 919805755 347364286 940424744 995385427 510302551 772249812 942905130 701160815 805090341 753935645 620949598 571137405
992972807 89
558466845 916582638 938719277 955136694 671712659 866753375 540317542 609163629 590956215 717935252 752496258 924817168 942405179 598221193 683153854 601271582 506176970 950274939 666030715 605643449 754437950 794092404 827902313 779423992 637522080 275037555 794477229 722540875 579289520 952060118 970283471 525358945 812196307 585364317 568538141 772975466 787530046 624242416 883947541 598113822 998560624 757773294 629376998 954973329 603448620 827983653 694227289 732016777 925270835 790029153 753452661 534160175 734863780 886700504 621691860 897453861 682358306 660647006 928623607 619102834 768307019 587906384 897304211 863794774 497964704 871866527 667565462 741914394 742580507 599965088 830128202 823624763 625733173 552209068 670126955 869770987 551561837 613912219 834369767 911125265 613646794 564901450 650995075 519265714 916163488 633651540 584867174 621334001 589189194
310713422 78
384963988 325353134 675368094 378916971 162174838 742790444 363832022 314901562 277476555 816187493 984778434 240149193 689690371 582975170 979010137 169543516 973703316 802261185 448286530 292657711 827154734 860445885 504008042 604977619 507775455 784431331 953127963 914315507 560739905 584824696 925733502 762817056 840627465 885963085 822464726 301018514 674387044 408455590 672439332 989206682 716731178 959109554 875018276 708276689 916501406 764514092 464927673 262389509 936961952 764566895 285312717 695789961 732721811 209416956 833851107 315947490 286138428 309733850 448776570 540573598 799934651 752901743 636687063 981935202 787138990 684986441 486060634 979572 349449009 955610869 520244789 908372656 724844396 653578211 249718112 372457032 319620962 436823249
750333549 64
607495144 747610280 837091209 396608931 999794729 625841189 492166907 904318222 947169114 488146390 821304699 575804814 664947125 975996577 544311614 965092641 392976421 485661514 891508263 659277339 388028569 569100629 613070868 503120720 861117882 841957760 537278932 645367432 591214780 856757961 965920943 986779373 853420635 787479624 636138509 482335511 680355814 980996664 522758982 824377153 721311838 832799983 914684994 544457682 887755187 553326140 974508570 447148887 427180849 819822038 927111429 676850935 749127553 386208545 435133668 545674147 364125004 971778532 809557667 905431689 492569138 451920238 602835927 690084778